,Date,State,Population,Pop (mil),Total Positive Cases,Positive Cases %,Positives Increase,3 Day Pos Inc Avg,7 Day Pos Inc Avg,Positive Cases per Mil,Negative Cases,Negatives Increase,Total Tests,Testing %,Total Tests Increase,3 Day Testing Inc Avg,Tests per Mil,Tests per Mil/Positive Cases,Tests per Mil/Deaths,Total Hospitalized,Hospitalized %,Hospitalized Increase,3 Day Hospitalized Inc Avg,Hospitalized per Mil,Total Deaths,Death %,Deaths Increase,3 Day Deaths Inc Avg,Deaths per Mil,Deaths/Total Tests,Deaths/Positive Cases
1409,2020-05-05,MN,"5,639,632",5.64,7851.0,0.139,617.0,541.0,524.29,1392.02,80158.0,1451.0,88009,1.56,2068.0,3000.67,15604.43,1.99,34.3,1350.0,0.008,79.0,63.67,239.36,455.0,0.008,27.0,20.0,80.67,0.52,5.8
1410,2020-05-04,MN,"5,639,632",5.64,7234.0,0.128,571.0,501.33,488.29,1282.62,78707.0,2738.0,85941,1.524,3309.0,3704.0,15237.77,2.11,35.6,1271.0,0.008,72.0,58.33,225.35,428.0,0.008,9.0,19.0,75.89,0.5,5.92
1411,2020-05-03,MN,"5,639,632",5.64,6663.0,0.118,435.0,509.0,437.29,1181.38,75969.0,3190.0,82632,1.465,3625.0,4118.67,14651.06,2.2,34.97,1199.0,0.007,40.0,51.67,212.59,419.0,0.007,24.0,25.33,74.29,0.51,6.29
1412,2020-05-02,MN,"5,639,632",5.64,6228.0,0.11,498.0,528.0,397.43,1104.26,72779.0,3680.0,79007,1.401,4178.0,4087.67,14008.33,2.25,35.46,1159.0,0.007,63.0,69.67,205.5,395.0,0.007,24.0,25.33,70.04,0.5,6.34
1413,2020-05-01,MN,"5,639,632",5.64,5730.0,0.102,594.0,516.33,363.57,1015.96,69099.0,3959.0,74829,1.327,4553.0,3666.67,13267.55,2.32,35.76,1096.0,0.007,52.0,61.33,194.33,371.0,0.007,28.0,23.33,65.78,0.5,6.47
1414,2020-04-30,MN,"5,639,632",5.64,5136.0,0.091,492.0,440.0,313.43,910.64,65140.0,3040.0,70276,1.246,3532.0,3002.67,12460.28,2.43,36.33,1044.0,0.006,94.0,61.0,185.11,343.0,0.006,24.0,19.0,60.82,0.49,6.68
1415,2020-04-29,MN,"5,639,632",5.64,4644.0,0.082,463.0,347.33,274.71,823.4,62100.0,2452.0,66744,1.183,2915.0,2585.67,11834.04,2.55,37.1,950.0,0.006,38.0,40.33,168.44,319.0,0.006,18.0,15.67,56.56,0.48,6.87
1416,2020-04-28,MN,"5,639,632",5.64,4181.0,0.074,365.0,245.0,230.57,741.31,59648.0,2196.0,63829,1.132,2561.0,2410.67,11317.2,2.71,37.6,912.0,0.005,51.0,38.33,161.7,301.0,0.005,15.0,19.0,53.37,0.47,7.2
1417,2020-04-27,MN,"5,639,632",5.64,3816.0,0.068,214.0,210.33,192.29,676.6,57452.0,2067.0,61268,1.086,2281.0,2493.67,10863.12,2.85,37.98,861.0,0.005,32.0,35.0,152.66,286.0,0.005,14.0,21.67,50.71,0.47,7.49
1418,2020-04-26,MN,"5,639,632",5.64,3602.0,0.064,156.0,220.0,178.0,638.65,55385.0,2234.0,58987,1.046,2390.0,2479.67,10458.69,2.9,38.45,829.0,0.005,32.0,39.0,146.99,272.0,0.005,28.0,24.0,48.23,0.46,7.55
1419,2020-04-25,MN,"5,639,632",5.64,3446.0,0.061,261.0,241.67,176.14,610.99,53151.0,2549.0,56597,1.003,2810.0,2417.67,10034.93,2.91,41.13,797.0,0.004,41.0,45.67,141.31,244.0,0.004,23.0,21.67,43.26,0.43,7.08
1420,2020-04-24,MN,"5,639,632",5.64,3185.0,0.056,243.0,206.0,159.14,564.72,50602.0,1996.0,53787,0.954,2239.0,2030.0,9536.7,2.99,43.15,756.0,0.004,44.0,42.33,134.04,221.0,0.004,21.0,20.33,39.18,0.41,6.94
1421,2020-04-23,MN,"5,639,632",5.64,2942.0,0.052,221.0,157.33,147.14,521.63,48606.0,1983.0,51548,0.914,2204.0,1566.0,9139.72,3.11,45.7,712.0,0.004,52.0,36.67,126.24,200.0,0.004,21.0,19.0,35.46,0.39,6.8
1422,2020-04-22,MN,"5,639,632",5.64,2721.0,0.048,154.0,121.67,130.29,482.45,46623.0,1493.0,49344,0.875,1647.0,1209.33,8748.94,3.22,48.88,660.0,0.003,31.0,28.67,117.02,179.0,0.003,19.0,15.0,31.74,0.36,6.58
1423,2020-04-21,MN,"5,639,632",5.64,2567.0,0.046,97.0,118.0,124.57,455.14,45130.0,750.0,47697,0.846,847.0,1143.0,8456.91,3.29,52.86,629.0,0.003,27.0,22.67,111.52,160.0,0.003,17.0,13.0,28.37,0.34,6.23
1424,2020-04-20,MN,"5,639,632",5.64,2470.0,0.044,114.0,133.0,117.14,437.94,44380.0,1020.0,46850,0.831,1134.0,1265.67,8306.74,3.36,58.09,602.0,0.003,28.0,28.0,106.74,143.0,0.003,9.0,10.67,25.35,0.31,5.79
1425,2020-04-19,MN,"5,639,632",5.64,2356.0,0.042,143.0,148.0,105.0,417.73,43360.0,1305.0,45716,0.811,1448.0,1347.0,8105.67,3.44,60.49,574.0,0.002,13.0,33.0,101.77,134.0,0.002,13.0,13.33,23.76,0.29,5.69
1426,2020-04-18,MN,"5,639,632",5.64,2213.0,0.039,142.0,134.67,112.29,392.38,42055.0,1073.0,44268,0.785,1215.0,1342.0,7848.94,3.55,64.87,561.0,0.002,43.0,38.67,99.47,121.0,0.002,10.0,11.33,21.45,0.27,5.47
1427,2020-04-17,MN,"5,639,632",5.64,2071.0,0.037,159.0,125.33,105.0,367.2,40982.0,1219.0,43053,0.763,1378.0,1270.67,7633.51,3.69,68.77,518.0,0.002,43.0,37.67,91.84,111.0,0.002,17.0,10.67,19.68,0.26,5.36
1428,2020-04-16,MN,"5,639,632",5.64,1912.0,0.034,103.0,87.33,95.71,339.01,39763.0,1330.0,41675,0.739,1433.0,1082.67,7389.18,3.86,78.61,475.0,0.002,30.0,38.0,84.22,94.0,0.002,7.0,8.0,16.67,0.23,4.92
1429,2020-04-15,MN,"5,639,632",5.64,1809.0,0.032,114.0,62.67,93.57,320.74,38433.0,887.0,40242,0.714,1001.0,940.33,7135.11,3.94,82.01,445.0,0.002,40.0,28.0,78.9,87.0,0.002,8.0,5.67,15.43,0.22,4.81
1430,2020-04-14,MN,"5,639,632",5.64,1695.0,0.03,45.0,89.33,89.43,300.53,37546.0,769.0,39241,0.696,814.0,1279.0,6957.62,4.1,88.07,405.0,0.001,44.0,21.67,71.81,79.0,0.001,9.0,5.0,14.01,0.2,4.66
1431,2020-04-13,MN,"5,639,632",5.64,1650.0,0.029,29.0,104.67,94.86,292.55,36777.0,977.0,38427,0.681,1006.0,1511.0,6813.3,4.13,97.33,361.0,0.001,0.0,14.67,64.01,70.0,0.001,0.0,4.33,12.41,0.18,4.24
1432,2020-04-12,MN,"5,639,632",5.64,1621.0,0.029,194.0,126.33,98.0,287.41,35800.0,1823.0,37421,0.663,2017.0,1709.0,6634.93,4.09,94.78,361.0,0.001,21.0,22.67,64.01,70.0,0.001,6.0,6.67,12.41,0.19,4.32
1433,2020-04-11,MN,"5,639,632",5.64,1427.0,0.025,91.0,91.0,80.29,253.01,33977.0,1419.0,35404,0.628,1510.0,1550.33,6277.3,4.4,98.08,340.0,0.001,23.0,23.0,60.28,64.0,0.001,7.0,8.33,11.35,0.18,4.48
1434,2020-04-10,MN,"5,639,632",5.64,1336.0,0.024,94.0,89.0,78.14,236.88,32558.0,1506.0,33894,0.601,1600.0,1544.67,6009.57,4.5,105.43,317.0,0.001,24.0,25.0,56.21,57.0,0.001,7.0,7.67,10.11,0.17,4.27
1435,2020-04-09,MN,"5,639,632",5.64,1242.0,0.022,88.0,85.33,71.43,220.21,31052.0,1453.0,32294,0.573,1541.0,1388.67,5725.89,4.61,114.52,293.0,0.001,22.0,23.33,51.95,50.0,0.001,11.0,6.67,8.87,0.15,4.03
1436,2020-04-08,MN,"5,639,632",5.64,1154.0,0.02,85.0,73.0,66.43,204.61,29599.0,1408.0,30753,0.545,1493.0,1325.33,5452.66,4.73,139.81,271.0,0.001,29.0,23.0,48.05,39.0,0.001,5.0,3.33,6.91,0.13,3.38
1437,2020-04-07,MN,"5,639,632",5.64,1069.0,0.019,83.0,68.0,62.86,189.54,28191.0,1049.0,29260,0.519,1132.0,1279.0,5187.94,4.85,152.59,242.0,0.001,19.0,20.67,42.91,34.0,0.001,4.0,3.33,6.03,0.12,3.18
1438,2020-04-06,MN,"5,639,632",5.64,986.0,0.017,51.0,65.67,58.57,174.82,27142.0,1300.0,28128,0.499,1351.0,1300.33,4987.23,5.06,166.24,223.0,0.001,21.0,22.33,39.54,30.0,0.001,1.0,2.67,5.32,0.11,3.04
1439,2020-04-05,MN,"5,639,632",5.64,935.0,0.017,70.0,64.33,61.71,165.78,25842.0,1284.0,26777,0.475,1354.0,1461.0,4747.7,5.08,163.71,202.0,0.001,22.0,21.33,35.82,29.0,0.001,5.0,3.67,5.14,0.11,3.1
1440,2020-04-04,MN,"5,639,632",5.64,865.0,0.015,76.0,58.67,60.57,153.37,24558.0,1120.0,25423,0.451,1196.0,1410.67,4507.62,5.21,187.82,180.0,0.0,24.0,19.33,31.91,24.0,0.0,2.0,2.33,4.26,0.09,2.77
1441,2020-04-03,MN,"5,639,632",5.64,789.0,0.014,47.0,53.33,55.86,139.89,23438.0,1786.0,24227,0.43,1833.0,1482.33,4295.57,5.44,195.25,156.0,0.0,18.0,14.67,27.66,22.0,0.0,4.0,3.33,3.9,0.09,2.79
1442,2020-04-02,MN,"5,639,632",5.64,742.0,0.013,53.0,55.33,56.57,131.56,21652.0,1150.0,22394,0.397,1203.0,1190.67,3970.57,5.35,220.59,138.0,0.0,16.0,15.33,24.47,18.0,0.0,1.0,2.67,3.19,0.08,2.43
1443,2020-04-01,MN,"5,639,632",5.64,689.0,0.012,60.0,62.0,57.43,122.16,20502.0,1351.0,21191,0.376,1411.0,1178.0,3757.27,5.45,221.02,122.0,0.0,10.0,15.67,21.63,17.0,0.0,5.0,2.67,3.01,0.08,2.47
1444,2020-03-31,MN,"5,639,632",5.64,629.0,0.011,53.0,62.67,52.43,111.52,19151.0,905.0,19780,0.351,958.0,1217.0,3507.09,5.58,292.26,112.0,0.0,20.0,18.33,19.86,12.0,0.0,2.0,2.33,2.13,0.06,1.91
1445,2020-03-30,MN,"5,639,632",5.64,576.0,0.01,73.0,59.33,48.71,102.13,18246.0,1092.0,18822,0.334,1165.0,1606.33,3337.23,5.79,333.72,92.0,0.0,17.0,13.67,16.31,10.0,0.0,1.0,2.0,1.77,0.05,1.74
1446,2020-03-29,MN,"5,639,632",5.64,503.0,0.009,62.0,52.33,47.71,89.18,17154.0,1466.0,17657,0.313,1528.0,1569.0,3130.67,6.22,347.85,75.0,0.0,18.0,11.33,13.3,9.0,0.0,4.0,2.33,1.6,0.05,1.79
1447,2020-03-28,MN,"5,639,632",5.64,441.0,0.008,43.0,51.33,43.29,78.19,15688.0,2083.0,16129,0.286,2126.0,1551.33,2859.75,6.48,571.95,57.0,0.0,6.0,7.33,10.11,5.0,0.0,1.0,1.33,0.89,0.03,1.13
1448,2020-03-27,MN,"5,639,632",5.64,398.0,0.007,52.0,45.33,40.43,70.57,13605.0,1001.0,14003,0.248,1053.0,2730.33,2482.8,6.24,620.7,51.0,0.0,10.0,10.0,9.04,4.0,0.0,2.0,1.0,0.71,0.03,1.01
1449,2020-03-26,MN,"5,639,632",5.64,346.0,0.006,59.0,37.0,36.71,61.35,12604.0,1416.0,12950,0.23,1475.0,2734.67,2296.1,6.64,1148.05,41.0,0.0,6.0,8.0,7.27,2.0,0.0,1.0,0.33,0.35,0.02,0.58
1450,2020-03-25,MN,"5,639,632",5.64,287.0,0.005,25.0,39.33,30.0,50.89,11188.0,5638.0,11475,0.203,5663.0,2265.0,2034.57,7.09,2034.57,35.0,0.0,14.0,7.67,6.21,1.0,0.0,0.0,0.0,0.18,0.01,0.35
1451,2020-03-24,MN,"5,639,632",5.64,262.0,0.005,27.0,41.33,28.86,46.45,5550.0,1039.0,5812,0.103,1066.0,574.0,1030.5,3.93,1030.5,21.0,0.0,4.0,7.0,3.72,1.0,0.0,0.0,0.0,0.18,0.02,0.38
1452,2020-03-23,MN,"5,639,632",5.64,235.0,0.004,66.0,40.0,25.86,41.67,4511.0,0.0,4746,0.084,66.0,296.67,841.49,3.58,841.49,17.0,0.0,5.0,5.67,3.01,1.0,0.0,0.0,0.33,0.18,0.02,0.43
1453,2020-03-22,MN,"5,639,632",5.64,169.0,0.003,31.0,26.67,19.14,29.96,4511.0,559.0,4680,0.083,590.0,547.33,829.79,4.91,829.79,12.0,0.0,12.0,4.0,2.13,1.0,0.0,0.0,0.33,0.18,0.02,0.59
1454,2020-03-21,MN,"5,639,632",5.64,138.0,0.002,23.0,20.33,16.71,24.47,3952.0,211.0,4090,0.073,234.0,442.67,725.18,5.25,725.18,0.0,0.0,0.0,0.0,0.0,1.0,0.0,1.0,0.33,0.18,0.02,0.72
1455,2020-03-20,MN,"5,639,632",5.64,115.0,0.002,26.0,18.33,14.43,20.39,3741.0,792.0,3856,0.068,818.0,506.67,683.69,5.95,inf,0.0,0.0,0.0,0.0,0.0,0.0,0.0,0.0,0.0,0.0,0.0,0.0
1456,2020-03-19,MN,"5,639,632",5.64,89.0,0.002,12.0,11.67,11.43,15.78,2949.0,264.0,3038,0.054,276.0,381.67,538.65,6.05,inf,0.0,0.0,0.0,0.0,0.0,0.0,0.0,0.0,0.0,0.0,0.0,0.0
1457,2020-03-18,MN,"5,639,632",5.64,77.0,0.001,17.0,14.0,10.29,13.65,2685.0,409.0,2762,0.049,426.0,446.67,489.72,6.36,inf,0.0,0.0,0.0,0.0,0.0,0.0,0.0,0.0,0.0,0.0,0.0,0.0
1458,2020-03-17,MN,"5,639,632",5.64,60.0,0.001,6.0,13.0,8.14,10.64,2276.0,437.0,2336,0.041,443.0,489.33,414.18,6.9,inf,0.0,0.0,0.0,0.0,0.0,0.0,0.0,0.0,0.0,0.0,0.0,0.0
1459,2020-03-16,MN,"5,639,632",5.64,54.0,0.001,19.0,13.33,7.43,9.57,1839.0,452.0,1893,0.034,471.0,446.0,335.64,6.22,inf,0.0,0.0,0.0,0.0,0.0,0.0,0.0,0.0,0.0,0.0,0.0,0.0
1460,2020-03-15,MN,"5,639,632",5.64,35.0,0.001,14.0,8.67,4.86,6.21,1387.0,540.0,1422,0.025,554.0,368.67,252.13,7.2,inf,0.0,0.0,0.0,0.0,0.0,0.0,0.0,0.0,0.0,0.0,0.0,0.0
1461,2020-03-14,MN,"5,639,632",5.64,21.0,0.0,7.0,5.33,2.86,3.72,847.0,306.0,868,0.015,313.0,215.33,153.9,7.33,inf,0.0,0.0,0.0,0.0,0.0,0.0,0.0,0.0,0.0,0.0,0.0,0.0
1462,2020-03-13,MN,"5,639,632",5.64,14.0,0.0,5.0,3.67,2.0,2.48,541.0,234.0,555,0.01,239.0,140.0,98.4,7.03,inf,0.0,0.0,0.0,0.0,0.0,0.0,0.0,0.0,0.0,0.0,0.0,0.0
1463,2020-03-12,MN,"5,639,632",5.64,9.0,0.0,4.0,2.33,0,1.6,307.0,90.0,316,0.006,94.0,78.0,56.03,6.23,inf,0.0,0.0,0.0,0.0,0.0,0.0,0.0,0.0,0.0,0.0,0.0,0.0
1464,2020-03-11,MN,"5,639,632",5.64,5.0,0.0,2.0,1.33,0,0.89,217.0,85.0,222,0.004,87.0,57.67,39.36,7.87,inf,0.0,0.0,0.0,0.0,0.0,0.0,0.0,0.0,0.0,0.0,0.0,0.0
1465,2020-03-10,MN,"5,639,632",5.64,3.0,0.0,1.0,0.67,0,0.53,132.0,52.0,135,0.002,53.0,28.67,23.94,7.98,inf,0.0,0.0,0.0,0.0,0.0,0.0,0.0,0.0,0.0,0.0,0.0,0.0
1466,2020-03-09,MN,"5,639,632",5.64,2.0,0.0,1.0,0.67,0,0.35,80.0,32.0,82,0.001,33.0,15.33,14.54,7.27,inf,0.0,0.0,0.0,0.0,0.0,0.0,0.0,0.0,0.0,0.0,0.0,0.0
1467,2020-03-08,MN,"5,639,632",5.64,1.0,0.0,0.0,0.33,0,0.18,48.0,0.0,49,0.001,0.0,4.33,8.69,8.69,inf,0.0,0.0,0.0,0.0,0.0,0.0,0.0,0.0,0.0,0.0,0.0,0.0
1468,2020-03-07,MN,"5,639,632",5.64,1.0,0.0,1.0,0,0,0.18,48.0,12.0,49,0.001,13.0,0,8.69,8.69,inf,0.0,0.0,0.0,0,0.0,0.0,0.0,0.0,0,0.0,0.0,0.0
1469,2020-03-06,MN,"5,639,632",5.64,0.0,0.0,0.0,0,0,0.0,36.0,0.0,36,0.001,0.0,0,6.38,inf,inf,0.0,0.0,0.0,0,0.0,0.0,0.0,0.0,0,0.0,0.0,
